Dynamical matrix file
                                                                           
  2    8  0  9.9811784  0.0000000  0.0000000  0.0000000  0.0000000  0.0000000
Basis vectors
      1.000000000    0.000000000    0.000000000
      0.000000000    1.000000000    0.000000000
      0.000000000    0.000000000    0.733039423
           1  'W   '    167559.909473597     
           2  'O   '    14582.5610075711     
    1    1      0.2500000000      0.2500000000      0.4114586912
    2    1      0.7500000000      0.7500000000      0.3215807092
    3    2      0.2500000000      0.2500000000      0.0107635968
    4    2      0.7500000000      0.7500000000      0.7222758226
    5    2      0.0000000000      0.0000000000      0.3665197115
    6    2      0.5000000000      0.5000000000      0.3665197115
    7    2      0.5000000000      0.0000000000      0.3665197115
    8    2      0.0000000000      0.5000000000      0.3665197115

     Dynamical  Matrix in cartesian axes

     q = (    0.500000000   0.500000000   0.000000000 ) 

    1    1
  0.69609946  0.00000000    0.00000000  0.00000000    0.00000000  0.00000000
  0.00000000  0.00000000    0.69609946  0.00000000    0.00000000  0.00000000
  0.00000000  0.00000000    0.00000000  0.00000000    0.61252423  0.00000000
    1    2
  0.00000000  0.00000000   -0.71680979  0.00000000    0.00000000 -0.00000000
 -0.71680979  0.00000000    0.00000000  0.00000000    0.00000000 -0.00000000
  0.00000000 -0.00000000    0.00000000 -0.00000000    0.00000000  0.00000000
    1    3
 -0.07463940  0.00000000    0.00000000  0.00000000    0.00000000  0.00000000
  0.00000000  0.00000000   -0.07463940  0.00000000    0.00000000  0.00000000
  0.00000000  0.00000000    0.00000000  0.00000000   -0.50720749  0.00000000
    1    4
  0.00000000  0.00000000    0.08285821 -0.00000000    0.00000000  0.00000000
  0.08285821 -0.00000000    0.00000000  0.00000000    0.00000000  0.00000000
  0.00000000  0.00000000    0.00000000  0.00000000   -0.00000000  0.00000000
    1    5
 -0.05422125 -0.00000000    0.02099336  0.00000000    0.00824391  0.00000000
  0.02099336  0.00000000   -0.05422125 -0.00000000    0.00824391  0.00000000
 -0.04027089 -0.00000000   -0.04027089 -0.00000000   -0.02587290 -0.00000000
    1    6
 -0.05422125  0.00000000    0.02099336 -0.00000000   -0.00824391  0.00000000
  0.02099336 -0.00000000   -0.05422125  0.00000000   -0.00824391  0.00000000
  0.04027089 -0.00000000    0.04027089 -0.00000000   -0.02587290  0.00000000
    1    7
 -0.05422125  0.00000000   -0.02099336  0.00000000   -0.00824391  0.00000000
 -0.02099336  0.00000000   -0.05422125  0.00000000    0.00824391  0.00000000
  0.04027089  0.00000000   -0.04027089  0.00000000   -0.02587290  0.00000000
    1    8
 -0.05422125  0.00000000   -0.02099336  0.00000000    0.00824391  0.00000000
 -0.02099336  0.00000000   -0.05422125  0.00000000   -0.00824391  0.00000000
 -0.04027089  0.00000000    0.04027089  0.00000000   -0.02587290  0.00000000
    2    1
  0.00000000  0.00000000   -0.71680979 -0.00000000    0.00000000  0.00000000
 -0.71680979 -0.00000000    0.00000000  0.00000000    0.00000000  0.00000000
  0.00000000  0.00000000    0.00000000  0.00000000    0.00000000  0.00000000
    2    2
  0.69609946  0.00000000    0.00000000  0.00000000    0.00000000  0.00000000
  0.00000000  0.00000000    0.69609946  0.00000000    0.00000000  0.00000000
  0.00000000  0.00000000    0.00000000  0.00000000    0.61252423  0.00000000
    2    3
  0.00000000  0.00000000    0.08285821  0.00000000    0.00000000 -0.00000000
  0.08285821  0.00000000    0.00000000  0.00000000    0.00000000 -0.00000000
  0.00000000 -0.00000000    0.00000000 -0.00000000    0.00000000  0.00000000
    2    4
 -0.07463940  0.00000000    0.00000000  0.00000000    0.00000000  0.00000000
  0.00000000  0.00000000   -0.07463940  0.00000000    0.00000000  0.00000000
  0.00000000  0.00000000    0.00000000  0.00000000   -0.50720749  0.00000000
    2    5
 -0.05422125 -0.00000000    0.02099336  0.00000000    0.00824391  0.00000000
  0.02099336  0.00000000   -0.05422125 -0.00000000    0.00824391  0.00000000
 -0.04027089 -0.00000000   -0.04027089 -0.00000000   -0.02587290 -0.00000000
    2    6
 -0.05422125 -0.00000000    0.02099336  0.00000000   -0.00824391 -0.00000000
  0.02099336  0.00000000   -0.05422125 -0.00000000   -0.00824391 -0.00000000
  0.04027089  0.00000000    0.04027089  0.00000000   -0.02587290 -0.00000000
    2    7
  0.05422125  0.00000000    0.02099336  0.00000000    0.00824391  0.00000000
  0.02099336  0.00000000    0.05422125  0.00000000   -0.00824391 -0.00000000
 -0.04027089 -0.00000000    0.04027089  0.00000000    0.02587290  0.00000000
    2    8
  0.05422125  0.00000000    0.02099336  0.00000000   -0.00824391 -0.00000000
  0.02099336  0.00000000    0.05422125  0.00000000    0.00824391  0.00000000
  0.04027089  0.00000000   -0.04027089 -0.00000000    0.02587290  0.00000000
    3    1
 -0.07463940  0.00000000    0.00000000  0.00000000    0.00000000  0.00000000
  0.00000000  0.00000000   -0.07463940  0.00000000    0.00000000  0.00000000
  0.00000000  0.00000000    0.00000000  0.00000000   -0.50720749  0.00000000
    3    2
  0.00000000  0.00000000    0.08285821 -0.00000000    0.00000000  0.00000000
  0.08285821 -0.00000000    0.00000000  0.00000000    0.00000000  0.00000000
  0.00000000  0.00000000    0.00000000  0.00000000   -0.00000000  0.00000000
    3    3
  0.10848906  0.00000000    0.00000000  0.00000000    0.00000000  0.00000000
  0.00000000  0.00000000    0.10848906  0.00000000    0.00000000  0.00000000
  0.00000000  0.00000000    0.00000000  0.00000000    0.70225540  0.00000000
    3    4
  0.00000000  0.00000000   -0.01038724  0.00000000    0.00000000  0.00000000
 -0.01038724  0.00000000    0.00000000  0.00000000    0.00000000  0.00000000
  0.00000000  0.00000000    0.00000000  0.00000000    0.00000000  0.00000000
    3    5
 -0.02303291 -0.00000000   -0.03905825 -0.00000000   -0.00914246 -0.00000000
 -0.03905825 -0.00000000   -0.02303291 -0.00000000   -0.00914246 -0.00000000
 -0.01148085 -0.00000000   -0.01148085 -0.00000000   -0.04778538 -0.00000000
    3    6
 -0.02303291  0.00000000   -0.03905825  0.00000000    0.00914246 -0.00000000
 -0.03905825  0.00000000   -0.02303291  0.00000000    0.00914246 -0.00000000
  0.01148085 -0.00000000    0.01148085 -0.00000000   -0.04778538  0.00000000
    3    7
 -0.02303291  0.00000000    0.03905825  0.00000000    0.00914246  0.00000000
  0.03905825  0.00000000   -0.02303291  0.00000000   -0.00914246  0.00000000
  0.01148085  0.00000000   -0.01148085  0.00000000   -0.04778538  0.00000000
    3    8
 -0.02303291  0.00000000    0.03905825  0.00000000   -0.00914246  0.00000000
  0.03905825  0.00000000   -0.02303291  0.00000000    0.00914246  0.00000000
 -0.01148085  0.00000000    0.01148085  0.00000000   -0.04778538  0.00000000
    4    1
  0.00000000  0.00000000    0.08285821  0.00000000    0.00000000 -0.00000000
  0.08285821  0.00000000    0.00000000  0.00000000    0.00000000 -0.00000000
  0.00000000 -0.00000000    0.00000000 -0.00000000    0.00000000  0.00000000
    4    2
 -0.07463940  0.00000000    0.00000000  0.00000000    0.00000000  0.00000000
  0.00000000  0.00000000   -0.07463940  0.00000000    0.00000000  0.00000000
  0.00000000  0.00000000    0.00000000  0.00000000   -0.50720749  0.00000000
    4    3
  0.00000000  0.00000000   -0.01038724 -0.00000000    0.00000000 -0.00000000
 -0.01038724 -0.00000000    0.00000000  0.00000000    0.00000000 -0.00000000
  0.00000000 -0.00000000    0.00000000 -0.00000000   -0.00000000  0.00000000
    4    4
  0.10848906  0.00000000    0.00000000  0.00000000    0.00000000  0.00000000
  0.00000000  0.00000000    0.10848906  0.00000000    0.00000000  0.00000000
  0.00000000  0.00000000    0.00000000  0.00000000    0.70225540  0.00000000
    4    5
 -0.02303291 -0.00000000   -0.03905825 -0.00000000   -0.00914246 -0.00000000
 -0.03905825 -0.00000000   -0.02303291 -0.00000000   -0.00914246 -0.00000000
 -0.01148085 -0.00000000   -0.01148085 -0.00000000   -0.04778538 -0.00000000
    4    6
 -0.02303291 -0.00000000   -0.03905825 -0.00000000    0.00914246  0.00000000
 -0.03905825 -0.00000000   -0.02303291 -0.00000000    0.00914246  0.00000000
  0.01148085  0.00000000    0.01148085  0.00000000   -0.04778538 -0.00000000
    4    7
  0.02303291  0.00000000   -0.03905825 -0.00000000   -0.00914246 -0.00000000
 -0.03905825 -0.00000000    0.02303291  0.00000000    0.00914246  0.00000000
 -0.01148085 -0.00000000    0.01148085  0.00000000    0.04778538  0.00000000
    4    8
  0.02303291  0.00000000   -0.03905825 -0.00000000    0.00914246  0.00000000
 -0.03905825 -0.00000000    0.02303291  0.00000000   -0.00914246 -0.00000000
  0.01148085  0.00000000   -0.01148085 -0.00000000    0.04778538  0.00000000
    5    1
 -0.05422125  0.00000000    0.02099336 -0.00000000   -0.04027089  0.00000000
  0.02099336 -0.00000000   -0.05422125  0.00000000   -0.04027089  0.00000000
  0.00824391 -0.00000000    0.00824391 -0.00000000   -0.02587290  0.00000000
    5    2
 -0.05422125  0.00000000    0.02099336 -0.00000000   -0.04027089  0.00000000
  0.02099336 -0.00000000   -0.05422125  0.00000000   -0.04027089  0.00000000
  0.00824391 -0.00000000    0.00824391 -0.00000000   -0.02587290  0.00000000
    5    3
 -0.02303291  0.00000000   -0.03905825  0.00000000   -0.01148085  0.00000000
 -0.03905825  0.00000000   -0.02303291  0.00000000   -0.01148085  0.00000000
 -0.00914246  0.00000000   -0.00914246  0.00000000   -0.04778538  0.00000000
    5    4
 -0.02303291  0.00000000   -0.03905825  0.00000000   -0.01148085  0.00000000
 -0.03905825  0.00000000   -0.02303291  0.00000000   -0.01148085  0.00000000
 -0.00914246  0.00000000   -0.00914246  0.00000000   -0.04778538  0.00000000
    5    5
  0.46012072  0.00000000    0.32953744  0.00000000    0.05718828  0.00000000
  0.32953744  0.00000000    0.46012072  0.00000000    0.05718828  0.00000000
  0.05718828  0.00000000    0.05718828  0.00000000    0.11797334  0.00000000
    5    6
 -0.21382502  0.00000000   -0.20920926  0.00000000    0.04516039 -0.00000000
 -0.20920926  0.00000000   -0.21382502  0.00000000    0.04516039 -0.00000000
 -0.04516039  0.00000000   -0.04516039  0.00000000    0.00197855 -0.00000000
    5    7
  0.00000000  0.00000000    0.00000000  0.00000000   -0.00000000  0.00000000
  0.00000000  0.00000000    0.00000000  0.00000000   -0.00000000 -0.00000000
  0.00000000  0.00000000    0.00000000  0.00000000   -0.00000000  0.00000000
    5    8
  0.00000000  0.00000000    0.00000000  0.00000000    0.00000000 -0.00000000
  0.00000000  0.00000000   -0.00000000 -0.00000000   -0.00000000  0.00000000
  0.00000000  0.00000000    0.00000000  0.00000000    0.00000000 -0.00000000
    6    1
 -0.05422125 -0.00000000    0.02099336  0.00000000    0.04027089  0.00000000
  0.02099336  0.00000000   -0.05422125 -0.00000000    0.04027089  0.00000000
 -0.00824391 -0.00000000   -0.00824391 -0.00000000   -0.02587290 -0.00000000
    6    2
 -0.05422125  0.00000000    0.02099336 -0.00000000    0.04027089 -0.00000000
  0.02099336 -0.00000000   -0.05422125  0.00000000    0.04027089 -0.00000000
 -0.00824391  0.00000000   -0.00824391  0.00000000   -0.02587290  0.00000000
    6    3
 -0.02303291 -0.00000000   -0.03905825 -0.00000000    0.01148085  0.00000000
 -0.03905825 -0.00000000   -0.02303291 -0.00000000    0.01148085  0.00000000
  0.00914246  0.00000000    0.00914246  0.00000000   -0.04778538 -0.00000000
    6    4
 -0.02303291  0.00000000   -0.03905825  0.00000000    0.01148085 -0.00000000
 -0.03905825  0.00000000   -0.02303291  0.00000000    0.01148085 -0.00000000
  0.00914246 -0.00000000    0.00914246 -0.00000000   -0.04778538  0.00000000
    6    5
 -0.21382502 -0.00000000   -0.20920926 -0.00000000   -0.04516039 -0.00000000
 -0.20920926 -0.00000000   -0.21382502 -0.00000000   -0.04516039 -0.00000000
  0.04516039  0.00000000    0.04516039  0.00000000    0.00197855  0.00000000
    6    6
  0.46012072  0.00000000    0.32953744  0.00000000   -0.05718828  0.00000000
  0.32953744  0.00000000    0.46012072  0.00000000   -0.05718828  0.00000000
 -0.05718828  0.00000000   -0.05718828  0.00000000    0.11797334  0.00000000
    6    7
  0.00000000  0.00000000    0.00000000  0.00000000   -0.00000000 -0.00000000
  0.00000000  0.00000000   -0.00000000  0.00000000   -0.00000000  0.00000000
  0.00000000  0.00000000    0.00000000  0.00000000    0.00000000  0.00000000
    6    8
  0.00000000 -0.00000000    0.00000000  0.00000000    0.00000000  0.00000000
  0.00000000 -0.00000000    0.00000000  0.00000000    0.00000000 -0.00000000
 -0.00000000  0.00000000    0.00000000  0.00000000   -0.00000000 -0.00000000
    7    1
 -0.05422125  0.00000000   -0.02099336  0.00000000    0.04027089  0.00000000
 -0.02099336  0.00000000   -0.05422125  0.00000000   -0.04027089  0.00000000
 -0.00824391  0.00000000    0.00824391  0.00000000   -0.02587290  0.00000000
    7    2
  0.05422125 -0.00000000    0.02099336 -0.00000000   -0.04027089  0.00000000
  0.02099336 -0.00000000    0.05422125 -0.00000000    0.04027089 -0.00000000
  0.00824391 -0.00000000   -0.00824391  0.00000000    0.02587290 -0.00000000
    7    3
 -0.02303291  0.00000000    0.03905825  0.00000000    0.01148085  0.00000000
  0.03905825  0.00000000   -0.02303291  0.00000000   -0.01148085  0.00000000
  0.00914246  0.00000000   -0.00914246  0.00000000   -0.04778538  0.00000000
    7    4
  0.02303291 -0.00000000   -0.03905825  0.00000000   -0.01148085  0.00000000
 -0.03905825  0.00000000    0.02303291 -0.00000000    0.01148085 -0.00000000
 -0.00914246  0.00000000    0.00914246 -0.00000000    0.04778538 -0.00000000
    7    5
 -0.00000000  0.00000000    0.00000000  0.00000000    0.00000000  0.00000000
 -0.00000000  0.00000000    0.00000000  0.00000000    0.00000000  0.00000000
 -0.00000000  0.00000000    0.00000000  0.00000000    0.00000000  0.00000000
    7    6
  0.00000000  0.00000000   -0.00000000 -0.00000000    0.00000000  0.00000000
  0.00000000  0.00000000    0.00000000  0.00000000   -0.00000000  0.00000000
  0.00000000  0.00000000    0.00000000  0.00000000   -0.00000000  0.00000000
    7    7
  0.46012072  0.00000000   -0.32953744  0.00000000   -0.05718828  0.00000000
 -0.32953744  0.00000000    0.46012072  0.00000000    0.05718828  0.00000000
 -0.05718828  0.00000000    0.05718828  0.00000000    0.11797334  0.00000000
    7    8
 -0.21382502  0.00000000    0.20920926  0.00000000   -0.04516039  0.00000000
  0.20920926  0.00000000   -0.21382502  0.00000000    0.04516039  0.00000000
  0.04516039  0.00000000   -0.04516039  0.00000000    0.00197855  0.00000000
    8    1
 -0.05422125  0.00000000   -0.02099336  0.00000000   -0.04027089  0.00000000
 -0.02099336  0.00000000   -0.05422125  0.00000000    0.04027089  0.00000000
  0.00824391  0.00000000   -0.00824391  0.00000000   -0.02587290  0.00000000
    8    2
  0.05422125 -0.00000000    0.02099336 -0.00000000    0.04027089 -0.00000000
  0.02099336 -0.00000000    0.05422125 -0.00000000   -0.04027089  0.00000000
 -0.00824391  0.00000000    0.00824391 -0.00000000    0.02587290 -0.00000000
    8    3
 -0.02303291  0.00000000    0.03905825  0.00000000   -0.01148085  0.00000000
  0.03905825  0.00000000   -0.02303291  0.00000000    0.01148085  0.00000000
 -0.00914246  0.00000000    0.00914246  0.00000000   -0.04778538  0.00000000
    8    4
  0.02303291 -0.00000000   -0.03905825  0.00000000    0.01148085 -0.00000000
 -0.03905825  0.00000000    0.02303291 -0.00000000   -0.01148085  0.00000000
  0.00914246 -0.00000000   -0.00914246  0.00000000    0.04778538 -0.00000000
    8    5
  0.00000000  0.00000000   -0.00000000  0.00000000   -0.00000000  0.00000000
  0.00000000  0.00000000    0.00000000 -0.00000000   -0.00000000  0.00000000
  0.00000000  0.00000000   -0.00000000  0.00000000   -0.00000000 -0.00000000
    8    6
 -0.00000000 -0.00000000    0.00000000  0.00000000    0.00000000  0.00000000
 -0.00000000  0.00000000    0.00000000  0.00000000   -0.00000000  0.00000000
 -0.00000000  0.00000000    0.00000000  0.00000000    0.00000000 -0.00000000
    8    7
 -0.21382502  0.00000000    0.20920926  0.00000000    0.04516039  0.00000000
  0.20920926  0.00000000   -0.21382502  0.00000000   -0.04516039  0.00000000
 -0.04516039  0.00000000    0.04516039  0.00000000    0.00197855  0.00000000
    8    8
  0.46012072  0.00000000   -0.32953744  0.00000000    0.05718828  0.00000000
 -0.32953744  0.00000000    0.46012072  0.00000000   -0.05718828  0.00000000
  0.05718828  0.00000000   -0.05718828  0.00000000    0.11797334  0.00000000

     Diagonalizing the dynamical matrix

     q = (    0.500000000   0.500000000   0.000000000 ) 

 **************************************************************************
     freq (    1) =      -1.610053 [THz] =     -53.705583 [cm-1]
 ( -0.470602  0.000000  0.471584  0.000000 -0.000000  0.000000 ) 
 (  0.471584  0.000000 -0.470602  0.000000  0.000000  0.000000 ) 
 ( -0.079964  0.000000  0.080131  0.000000 -0.000000  0.000000 ) 
 (  0.080131  0.000000 -0.079964  0.000000  0.000000  0.000000 ) 
 (  0.000121  0.000000  0.000121  0.000000 -0.000134  0.000000 ) 
 (  0.000121  0.000000  0.000121  0.000000  0.000134  0.000000 ) 
 ( -0.115630  0.000000  0.115630  0.000000 -0.128790  0.000000 ) 
 ( -0.115630  0.000000  0.115630  0.000000  0.128790  0.000000 ) 
     freq (    2) =      -1.610053 [THz] =     -53.705583 [cm-1]
 (  0.471584  0.000000  0.470602  0.000000  0.000000  0.000000 ) 
 (  0.470602  0.000000  0.471584  0.000000  0.000000  0.000000 ) 
 (  0.080131  0.000000  0.079964  0.000000  0.000000  0.000000 ) 
 (  0.079964  0.000000  0.080131  0.000000  0.000000  0.000000 ) 
 (  0.115630  0.000000  0.115630  0.000000 -0.128790  0.000000 ) 
 (  0.115630  0.000000  0.115630  0.000000  0.128790  0.000000 ) 
 (  0.000121  0.000000 -0.000121  0.000000  0.000134  0.000000 ) 
 (  0.000121  0.000000 -0.000121  0.000000 -0.000134  0.000000 ) 
     freq (    3) =       2.428385 [THz] =      81.002213 [cm-1]
 ( -0.000000  0.000000  0.000000  0.000000  0.392395  0.000000 ) 
 (  0.000000  0.000000 -0.000000  0.000000 -0.367929  0.000000 ) 
 ( -0.000000  0.000000  0.000000  0.000000  0.355099  0.000000 ) 
 (  0.000000  0.000000 -0.000000  0.000000 -0.332959  0.000000 ) 
 ( -0.000300  0.000000 -0.000300  0.000000  0.015646  0.000000 ) 
 (  0.000300  0.000000  0.000300  0.000000  0.015646  0.000000 ) 
 (  0.009336  0.000000 -0.009336  0.000000  0.486240  0.000000 ) 
 ( -0.009336  0.000000  0.009336  0.000000  0.486240  0.000000 ) 
     freq (    4) =       2.428385 [THz] =      81.002213 [cm-1]
 (  0.000000  0.000000  0.000000  0.000000 -0.367929  0.000000 ) 
 (  0.000000  0.000000  0.000000  0.000000 -0.392395  0.000000 ) 
 (  0.000000  0.000000 -0.000000  0.000000 -0.332959  0.000000 ) 
 (  0.000000  0.000000  0.000000  0.000000 -0.355099  0.000000 ) 
 (  0.009336  0.000000  0.009336  0.000000 -0.486240  0.000000 ) 
 ( -0.009336  0.000000 -0.009336  0.000000 -0.486240  0.000000 ) 
 (  0.000300  0.000000 -0.000300  0.000000  0.015646  0.000000 ) 
 ( -0.000300  0.000000  0.000300  0.000000  0.015646  0.000000 ) 
     freq (    5) =       5.780453 [THz] =     192.815145 [cm-1]
 ( -0.008053  0.000000  0.008178  0.000000  0.000000  0.000000 ) 
 (  0.008178  0.000000 -0.008053  0.000000 -0.000000  0.000000 ) 
 (  0.450118  0.000000 -0.457078  0.000000  0.000000  0.000000 ) 
 ( -0.457078  0.000000  0.450118  0.000000  0.000000  0.000000 ) 
 ( -0.001279  0.000000 -0.001279  0.000000 -0.001388  0.000000 ) 
 ( -0.001279  0.000000 -0.001279  0.000000  0.001388  0.000000 ) 
 (  0.166704  0.000000 -0.166704  0.000000 -0.180986  0.000000 ) 
 (  0.166704  0.000000 -0.166704  0.000000  0.180986  0.000000 ) 
     freq (    6) =       5.780453 [THz] =     192.815145 [cm-1]
 (  0.008178  0.000000  0.008053  0.000000 -0.000000  0.000000 ) 
 (  0.008053  0.000000  0.008178  0.000000  0.000000  0.000000 ) 
 ( -0.457078  0.000000 -0.450118  0.000000 -0.000000  0.000000 ) 
 ( -0.450118  0.000000 -0.457078  0.000000 -0.000000  0.000000 ) 
 ( -0.166704  0.000000 -0.166704  0.000000 -0.180986  0.000000 ) 
 ( -0.166704  0.000000 -0.166704  0.000000  0.180986  0.000000 ) 
 ( -0.001279  0.000000  0.001279  0.000000  0.001388  0.000000 ) 
 ( -0.001279  0.000000  0.001279  0.000000 -0.001388  0.000000 ) 
     freq (    7) =       7.308616 [THz] =     243.789187 [cm-1]
 (  0.026183  0.000000 -0.237420  0.000000 -0.000000  0.000000 ) 
 (  0.237420  0.000000 -0.026183  0.000000 -0.000000  0.000000 ) 
 (  0.064054  0.000000 -0.580810  0.000000 -0.000000  0.000000 ) 
 (  0.580810  0.000000 -0.064054  0.000000 -0.000000  0.000000 ) 
 (  0.175799  0.000000 -0.175799  0.000000  0.000000  0.000000 ) 
 (  0.175799  0.000000 -0.175799  0.000000  0.000000  0.000000 ) 
 ( -0.140875  0.000000 -0.140875  0.000000  0.000000  0.000000 ) 
 ( -0.140875  0.000000 -0.140875  0.000000 -0.000000  0.000000 ) 
     freq (    8) =       7.308616 [THz] =     243.789187 [cm-1]
 ( -0.237420  0.000000 -0.026183  0.000000  0.000000  0.000000 ) 
 (  0.026183  0.000000  0.237420  0.000000  0.000000  0.000000 ) 
 ( -0.580810  0.000000 -0.064054  0.000000  0.000000  0.000000 ) 
 (  0.064054  0.000000  0.580810  0.000000  0.000000  0.000000 ) 
 ( -0.140875  0.000000  0.140875  0.000000 -0.000000  0.000000 ) 
 ( -0.140875  0.000000  0.140875  0.000000 -0.000000  0.000000 ) 
 ( -0.175799  0.000000 -0.175799  0.000000  0.000000  0.000000 ) 
 ( -0.175799  0.000000 -0.175799  0.000000  0.000000  0.000000 ) 
     freq (    9) =       8.216006 [THz] =     274.056471 [cm-1]
 (  0.011200  0.000000  0.029818  0.000000 -0.000000  0.000000 ) 
 ( -0.029818  0.000000 -0.011200  0.000000 -0.000000  0.000000 ) 
 ( -0.157378  0.000000 -0.418996  0.000000 -0.000000  0.000000 ) 
 (  0.418996  0.000000  0.157378  0.000000  0.000000  0.000000 ) 
 ( -0.159720  0.000000  0.159720  0.000000  0.000000  0.000000 ) 
 ( -0.159720  0.000000  0.159720  0.000000  0.000000  0.000000 ) 
 (  0.351880  0.000000  0.351880  0.000000 -0.000000  0.000000 ) 
 (  0.351880  0.000000  0.351880  0.000000 -0.000000  0.000000 ) 
     freq (   10) =       8.216006 [THz] =     274.056471 [cm-1]
 ( -0.029818  0.000000  0.011200  0.000000 -0.000000  0.000000 ) 
 ( -0.011200  0.000000  0.029818  0.000000 -0.000000  0.000000 ) 
 (  0.418996  0.000000 -0.157378  0.000000  0.000000  0.000000 ) 
 (  0.157378  0.000000 -0.418996  0.000000  0.000000  0.000000 ) 
 ( -0.351880  0.000000  0.351880  0.000000  0.000000  0.000000 ) 
 ( -0.351880  0.000000  0.351880  0.000000  0.000000  0.000000 ) 
 ( -0.159720  0.000000 -0.159720  0.000000  0.000000  0.000000 ) 
 ( -0.159720  0.000000 -0.159720  0.000000 -0.000000  0.000000 ) 
     freq (   11) =       8.636916 [THz] =     288.096519 [cm-1]
 (  0.000000  0.000000 -0.000000  0.000000  0.081138  0.000000 ) 
 (  0.000000  0.000000  0.000000  0.000000 -0.079961  0.000000 ) 
 ( -0.000000  0.000000  0.000000  0.000000 -0.037443  0.000000 ) 
 (  0.000000  0.000000 -0.000000  0.000000  0.036899  0.000000 ) 
 (  0.000504  0.000000  0.000504  0.000000 -0.005079  0.000000 ) 
 ( -0.000504  0.000000 -0.000504  0.000000 -0.005079  0.000000 ) 
 ( -0.068994  0.000000  0.068994  0.000000 -0.694682  0.000000 ) 
 (  0.068994  0.000000 -0.068994  0.000000 -0.694682  0.000000 ) 
     freq (   12) =       8.636916 [THz] =     288.096519 [cm-1]
 (  0.000000  0.000000  0.000000  0.000000  0.079961  0.000000 ) 
 (  0.000000  0.000000  0.000000  0.000000  0.081138  0.000000 ) 
 (  0.000000  0.000000 -0.000000  0.000000 -0.036899  0.000000 ) 
 (  0.000000  0.000000 -0.000000  0.000000 -0.037443  0.000000 ) 
 (  0.068994  0.000000  0.068994  0.000000 -0.694682  0.000000 ) 
 ( -0.068994  0.000000 -0.068994  0.000000 -0.694682  0.000000 ) 
 (  0.000504  0.000000 -0.000504  0.000000  0.005079  0.000000 ) 
 ( -0.000504  0.000000  0.000504  0.000000  0.005079  0.000000 ) 
     freq (   13) =       9.405966 [THz] =     313.749251 [cm-1]
 ( -0.011325  0.000000  0.011463  0.000000  0.000000  0.000000 ) 
 (  0.011463  0.000000 -0.011325  0.000000 -0.000000  0.000000 ) 
 (  0.102893  0.000000 -0.104151  0.000000 -0.000000  0.000000 ) 
 ( -0.104151  0.000000  0.102893  0.000000  0.000000  0.000000 ) 
 ( -0.000498  0.000000 -0.000498  0.000000  0.004142  0.000000 ) 
 ( -0.000498  0.000000 -0.000498  0.000000 -0.004142  0.000000 ) 
 (  0.082042  0.000000 -0.082042  0.000000  0.681782  0.000000 ) 
 (  0.082042  0.000000 -0.082042  0.000000 -0.681782  0.000000 ) 
     freq (   14) =       9.405966 [THz] =     313.749251 [cm-1]
 ( -0.011463  0.000000 -0.011325  0.000000 -0.000000  0.000000 ) 
 ( -0.011325  0.000000 -0.011463  0.000000 -0.000000  0.000000 ) 
 (  0.104151  0.000000  0.102893  0.000000 -0.000000  0.000000 ) 
 (  0.102893  0.000000  0.104151  0.000000 -0.000000  0.000000 ) 
 (  0.082042  0.000000  0.082042  0.000000 -0.681782  0.000000 ) 
 (  0.082042  0.000000  0.082042  0.000000  0.681782  0.000000 ) 
 (  0.000498  0.000000 -0.000498  0.000000  0.004142  0.000000 ) 
 (  0.000498  0.000000 -0.000498  0.000000 -0.004142  0.000000 ) 
     freq (   15) =      10.017168 [THz] =     334.136747 [cm-1]
 (  0.000000  0.000000 -0.000000  0.000000  0.000000  0.000000 ) 
 ( -0.000000  0.000000 -0.000000  0.000000  0.000000  0.000000 ) 
 ( -0.000000  0.000000 -0.000000  0.000000 -0.000000  0.000000 ) 
 ( -0.000000  0.000000 -0.000000  0.000000 -0.000000  0.000000 ) 
 (  0.352256  0.000000 -0.352256  0.000000  0.000000  0.000000 ) 
 ( -0.352256  0.000000  0.352256  0.000000 -0.000000  0.000000 ) 
 ( -0.354846  0.000000 -0.354846  0.000000  0.000000  0.000000 ) 
 (  0.354846  0.000000  0.354846  0.000000 -0.000000  0.000000 ) 
     freq (   16) =      10.017168 [THz] =     334.136747 [cm-1]
 ( -0.000000  0.000000  0.000000  0.000000 -0.000000  0.000000 ) 
 ( -0.000000  0.000000 -0.000000  0.000000  0.000000  0.000000 ) 
 (  0.000000  0.000000 -0.000000  0.000000 -0.000000  0.000000 ) 
 (  0.000000  0.000000 -0.000000  0.000000 -0.000000  0.000000 ) 
 ( -0.354846  0.000000  0.354846  0.000000 -0.000000  0.000000 ) 
 (  0.354846  0.000000 -0.354846  0.000000  0.000000  0.000000 ) 
 ( -0.352256  0.000000 -0.352256  0.000000  0.000000  0.000000 ) 
 (  0.352256  0.000000  0.352256  0.000000 -0.000000  0.000000 ) 
     freq (   17) =      12.331480 [THz] =     411.333882 [cm-1]
 (  0.139845  0.000000  0.076177  0.000000 -0.000000  0.000000 ) 
 ( -0.076177  0.000000 -0.139845  0.000000 -0.000000  0.000000 ) 
 ( -0.418782  0.000000 -0.228122  0.000000 -0.000000  0.000000 ) 
 (  0.228122  0.000000  0.418782  0.000000  0.000000  0.000000 ) 
 ( -0.099394  0.000000  0.099394  0.000000  0.000000  0.000000 ) 
 ( -0.099394  0.000000  0.099394  0.000000 -0.000000  0.000000 ) 
 ( -0.337242  0.000000 -0.337242  0.000000 -0.000000  0.000000 ) 
 ( -0.337242  0.000000 -0.337242  0.000000  0.000000  0.000000 ) 
     freq (   18) =      12.331480 [THz] =     411.333882 [cm-1]
 ( -0.076177  0.000000  0.139845  0.000000 -0.000000  0.000000 ) 
 ( -0.139845  0.000000  0.076177  0.000000 -0.000000  0.000000 ) 
 (  0.228122  0.000000 -0.418782  0.000000  0.000000  0.000000 ) 
 (  0.418782  0.000000 -0.228122  0.000000  0.000000  0.000000 ) 
 (  0.337242  0.000000 -0.337242  0.000000  0.000000  0.000000 ) 
 (  0.337242  0.000000 -0.337242  0.000000 -0.000000  0.000000 ) 
 ( -0.099394  0.000000 -0.099394  0.000000 -0.000000  0.000000 ) 
 ( -0.099394  0.000000 -0.099394  0.000000  0.000000  0.000000 ) 
     freq (   19) =      17.617458 [THz] =     587.655136 [cm-1]
 ( -0.006507  0.000000  0.006479  0.000000  0.000000  0.000000 ) 
 (  0.006479  0.000000 -0.006507  0.000000 -0.000000  0.000000 ) 
 ( -0.183640  0.000000  0.182871  0.000000  0.000000  0.000000 ) 
 (  0.182871  0.000000 -0.183640  0.000000 -0.000000  0.000000 ) 
 (  0.000973  0.000000  0.000973  0.000000  0.000123  0.000000 ) 
 (  0.000973  0.000000  0.000973  0.000000 -0.000123  0.000000 ) 
 (  0.463327  0.000000 -0.463327  0.000000 -0.058351  0.000000 ) 
 (  0.463327  0.000000 -0.463327  0.000000  0.058351  0.000000 ) 
     freq (   20) =      17.617458 [THz] =     587.655136 [cm-1]
 ( -0.006479  0.000000 -0.006507  0.000000  0.000000  0.000000 ) 
 ( -0.006507  0.000000 -0.006479  0.000000 -0.000000  0.000000 ) 
 ( -0.182871  0.000000 -0.183640  0.000000  0.000000  0.000000 ) 
 ( -0.183640  0.000000 -0.182871  0.000000  0.000000  0.000000 ) 
 (  0.463327  0.000000  0.463327  0.000000  0.058351  0.000000 ) 
 (  0.463327  0.000000  0.463327  0.000000 -0.058351  0.000000 ) 
 ( -0.000973  0.000000  0.000973  0.000000  0.000123  0.000000 ) 
 ( -0.000973  0.000000  0.000973  0.000000 -0.000123  0.000000 ) 
     freq (   21) =      23.498615 [THz] =     783.829426 [cm-1]
 ( -0.000000  0.000000  0.000000  0.000000 -0.047371  0.000000 ) 
 (  0.000000  0.000000 -0.000000  0.000000 -0.042305  0.000000 ) 
 (  0.000000  0.000000  0.000000  0.000000  0.735384  0.000000 ) 
 (  0.000000  0.000000 -0.000000  0.000000  0.656751  0.000000 ) 
 (  0.045596  0.000000  0.045596  0.000000 -0.087927  0.000000 ) 
 ( -0.045596  0.000000 -0.045596  0.000000 -0.087927  0.000000 ) 
 ( -0.002575  0.000000  0.002575  0.000000 -0.004966  0.000000 ) 
 (  0.002575  0.000000 -0.002575  0.000000 -0.004966  0.000000 ) 
     freq (   22) =      23.498615 [THz] =     783.829426 [cm-1]
 ( -0.000000  0.000000  0.000000  0.000000 -0.042305  0.000000 ) 
 (  0.000000  0.000000 -0.000000  0.000000  0.047371  0.000000 ) 
 ( -0.000000  0.000000  0.000000  0.000000  0.656751  0.000000 ) 
 (  0.000000  0.000000 -0.000000  0.000000 -0.735384  0.000000 ) 
 ( -0.002575  0.000000 -0.002575  0.000000  0.004966  0.000000 ) 
 (  0.002575  0.000000  0.002575  0.000000  0.004966  0.000000 ) 
 ( -0.045596  0.000000  0.045596  0.000000 -0.087927  0.000000 ) 
 (  0.045596  0.000000 -0.045596  0.000000 -0.087927  0.000000 ) 
     freq (   23) =      30.284852 [THz] =    1010.193941 [cm-1]
 ( -0.000000  0.000000 -0.000000  0.000000 -0.004140  0.000000 ) 
 (  0.000000  0.000000  0.000000  0.000000  0.004140  0.000000 ) 
 ( -0.000000  0.000000  0.000000  0.000000 -0.055691  0.000000 ) 
 (  0.000000  0.000000 -0.000000  0.000000  0.055691  0.000000 ) 
 (  0.000000  0.000000  0.000000  0.000000  0.000000  0.000000 ) 
 ( -0.000000  0.000000 -0.000000  0.000000  0.000000  0.000000 ) 
 ( -0.493837  0.000000  0.493837  0.000000  0.095557  0.000000 ) 
 (  0.493837  0.000000 -0.493837  0.000000  0.095557  0.000000 ) 
     freq (   24) =      30.284852 [THz] =    1010.193941 [cm-1]
 ( -0.000000  0.000000  0.000000  0.000000 -0.004140  0.000000 ) 
 (  0.000000  0.000000 -0.000000  0.000000 -0.004140  0.000000 ) 
 ( -0.000000  0.000000  0.000000  0.000000 -0.055691  0.000000 ) 
 (  0.000000  0.000000  0.000000  0.000000 -0.055691  0.000000 ) 
 (  0.493837  0.000000  0.493837  0.000000  0.095557  0.000000 ) 
 ( -0.493837  0.000000 -0.493837  0.000000  0.095557  0.000000 ) 
 ( -0.000000  0.000000  0.000000  0.000000 -0.000000  0.000000 ) 
 ( -0.000000  0.000000  0.000000  0.000000 -0.000000  0.000000 ) 
 **************************************************************************
